0 auto 0.30 0.02
1 210x210 0.40 0.02
2 210x210 0.20 0.05
3 auto 0.60 0.05
4 280x280 0.50 0.00
5 210x210 0.30 0.02
6 240x240 0.20 0.00
7 auto 0.40 0.00
8 240x240 0.30 0.05
9 auto 0.30 0.05
10 280x280 0.50 0.05
11 240x240 0.20 0.02
12 280x280 0.40 0.00
13 240x240 0.30 0.02
14 210x210 0.40 0.00
15 210x210 0.60 0.02
16 210x210 0.20 0.00
17 240x240 0.60 0.02
18 210x210 0.50 0.05
19 280x280 0.20 0.05
20 auto 0.60 0.02
21 280x280 0.60 0.05
22 280x280 0.30 0.05
23 240x240 0.40 0.02
24 auto 0.50 0.02
25 210x210 0.30 0.05
26 240x240 0.30 0.00
27 auto 0.30 0.00
28 auto 0.60 0.00
29 210x210 0.60 0.05
30 280x280 0.30 0.02
31 auto 0.50 0.05
32 auto 0.50 0.00
33 280x280 0.60 0.00
34 210x210 0.60 0.00
35 240x240 0.20 0.05
36 280x280 0.30 0.00
37 210x210 0.50 0.02
38 240x240 0.60 0.05
39 280x280 0.20 0.02
40 auto 0.40 0.05
41 auto 0.20 0.00
42 auto 0.20 0.05
43 210x210 0.50 0.00
44 280x280 0.50 0.02
45 280x280 0.60 0.02
46 210x210 0.40 0.05
47 auto 0.40 0.02
48 240x240 0.50 0.05
49 280x280 0.40 0.02
50 240x240 0.40 0.00
51 240x240 0.60 0.00
52 210x210 0.20 0.02
53 auto 0.20 0.02
54 280x280 0.40 0.05
55 240x240 0.50 0.02
56 280x280 0.20 0.00
57 210x210 0.30 0.00
58 240x240 0.40 0.05
59 240x240 0.50 0.00
